           C76E2     C76E6     C66E2     C66E9    C66E10    C66E11     C64E5
C76E2  1.0000000 0.9192665 0.9077605 0.9196233 0.9189086 0.9083137 0.9068501
C76E6  0.9192665 1.0000000 0.9198345 0.9324481 0.9319711 0.9210133 0.9187704
C66E2  0.9077605 0.9198345 1.0000000 0.9215910 0.9212164 0.9102659 0.9073440
C66E9  0.9196233 0.9324481 0.9215910 1.0000000 0.9352141 0.9233618 0.9190661
C66E10 0.9189086 0.9319711 0.9212164 0.9352141 1.0000000 0.9230080 0.9187173
C66E11 0.9083137 0.9210133 0.9102659 0.9233618 0.9230080 1.0000000 0.9075222
C64E5  0.9068501 0.9187704 0.9073440 0.9190661 0.9187173 0.9075222 1.0000000
C72E3  0.8984753 0.9111944 0.9013000 0.9153454 0.9153097 0.9040106 0.8980537
C64E1  0.9205860 0.9322020 0.9200985 0.9317709 0.9315835 0.9208386 0.9207134
C73E1  0.9182327 0.9303963 0.9186341 0.9308811 0.9304607 0.9195596 0.9183165
C64E6  0.9179494 0.9308846 0.9227637 0.9338261 0.9333333 0.9217185 0.9178139
C64E7  0.9176762 0.9297851 0.9187099 0.9311439 0.9305980 0.9197162 0.9176984
C81E8  0.9236431 0.9363563 0.9254068 0.9385883 0.9379942 0.9267535 0.9235253
C85E2  0.9128982 0.9257047 0.9147985 0.9281481 0.9277162 0.9165752 0.9121649
C85E1  0.9122821 0.9246779 0.9165086 0.9267130 0.9265753 0.9150421 0.9120145
C75E6  0.9191000 0.9317717 0.9201013 0.9326177 0.9322060 0.9211061 0.9193554
           C72E3     C64E1     C73E1     C64E6     C64E7     C81E8     C85E2
C76E2  0.8984753 0.9205860 0.9182327 0.9179494 0.9176762 0.9236431 0.9128982
C76E6  0.9111944 0.9322020 0.9303963 0.9308846 0.9297851 0.9363563 0.9257047
C66E2  0.9013000 0.9200985 0.9186341 0.9227637 0.9187099 0.9254068 0.9147985
C66E9  0.9153454 0.9317709 0.9308811 0.9338261 0.9311439 0.9385883 0.9281481
C66E10 0.9153097 0.9315835 0.9304607 0.9333333 0.9305980 0.9379942 0.9277162
C66E11 0.9040106 0.9208386 0.9195596 0.9217185 0.9197162 0.9267535 0.9165752
C64E5  0.8980537 0.9207134 0.9183165 0.9178139 0.9176984 0.9235253 0.9121649
C72E3  1.0000000 0.9098095 0.9097438 0.9133856 0.9102428 0.9178244 0.9081673
C64E1  0.9098095 1.0000000 0.9320017 0.9308164 0.9310439 0.9369165 0.9254930
C73E1  0.9097438 0.9320017 1.0000000 0.9296614 0.9293731 0.9355654 0.9243070
C64E6  0.9133856 0.9308164 0.9296614 1.0000000 0.9298086 0.9368667 0.9262992
C64E7  0.9102428 0.9310439 0.9293731 0.9298086 1.0000000 0.9353312 0.9244916
C81E8  0.9178244 0.9369165 0.9355654 0.9368667 0.9353312 1.0000000 0.9317139
C85E2  0.9081673 0.9254930 0.9243070 0.9262992 0.9244916 0.9317139 1.0000000
C85E1  0.9065920 0.9249626 0.9238169 0.9276693 0.9236727 0.9306017 0.9201199
C75E6  0.9113944 0.9327120 0.9306065 0.9310444 0.9299113 0.9367913 0.9257197
           C85E1     C75E6
C76E2  0.9122821 0.9191000
C76E6  0.9246779 0.9317717
C66E2  0.9165086 0.9201013
C66E9  0.9267130 0.9326177
C66E10 0.9265753 0.9322060
C66E11 0.9150421 0.9211061
C64E5  0.9120145 0.9193554
C72E3  0.9065920 0.9113944
C64E1  0.9249626 0.9327120
C73E1  0.9238169 0.9306065
C64E6  0.9276693 0.9310444
C64E7  0.9236727 0.9299113
C81E8  0.9306017 0.9367913
C85E2  0.9201199 0.9257197
C85E1  1.0000000 0.9249318
C75E6  0.9249318 1.0000000
